0100111011111010010000000001110110111110111011011101111001001010|0110000010000000110110000010010000110000011001001100001100110111|0111110111001111100001100110010000010111010000101000101000010000
0111010100000110110000000010010010000010001011111110101111110111|0000000100000000000010000100110010101010001101000100000111101111|1001111000100011110111101110000100000100000100010010011000000000
0111111011010011010010010011010111011111001001001011001111011011|1000001000000000000100001001100011000000001000000000000011011000|0100000111100111111111011101111100101000100001001001001010010000
0010011111001001101101101100110110111111011011011001010010001000|0100010000000000011010010001000010000000001001000100000010110101|0101010110010110101111101110101110110100111001111001111010010000
1001010011111100110110100110010000010001011111100001110110000110|1000100000000010100100100110000101010000110010001000010101101010|0111101100110101100111101111111011101111011100001101010010100000
1100000101000011101101101101011111011101101101101111001100111110|0101000000000000110011001100001000000000001001000100011111010001|0001001101001111010011011101010111110100010000101000101000000000
0001000011000110010011010010111110111010000001101100101111011010|1010000000001000100100011000100101000010010010001001111110100011|0110011011111101000101000000110101110010110110101011011010000000
0110111010110111011011011000111100111111111110111000110100010010|1100000000000010100110110000110000000100010010001001100101000010|0111010111011011111011111111101001111011111111110111010010010000
1000000100001110100100100001010111001001001011001001011000101010|0100000000000100110011100001100000001000011011001111010110000011|0100010100001100000100000001100011111001111011110010111010010000
0100110000110100010010011010001000100100100100101110100101111110|0100000000001000011011000011000000000000001001000010110000000101|0110010110110111101111101100100110111100111001111001101000000000
1100001110000101011001001011101110100000011010001111011101101010|1000000000000000110110001010100000100000010010010101100000001010|1100110101010111100111111111101011011110100101010001110010100000
1111111111111010110110010111110001001001011001111111011001011011|1000000000100000000010001100000001000000010010010011011000010011|1010111001111101001101001100111001001101001010010011010010010000
1010001110010101111110111111001100100100000101000110000010111000|1100000001000001111010011000000010000000011011111010101100100000|1111001001000001101001100111000010010100010000111010111010010000
0000111000000111001001011000110101001011011001011111111011100010|1000010000000010111101010101000000000000010001100101001001000001|0100011100001110111110111001011011000100000011000111000110110000
1011010010010010010110010111000001001011001111011011011111101101|0000000100000100110001100000001000000000000011011010000010000010|0111111111011111011111001000110100100100100000000000000011110000
1110101100100001100101100100100100100000101000000100001011001010|1000001000001000000101000000000000000000010100111100001100000010|0001010000010000100000001000100100100000100011010011010001100000
0000101000100011011001011001110111110111100110110000100110011010|1100010000010011110100000000010000000000010110100100000100000011|1000011010011010110011111111011001001111001010111010111101010000
0001100100000100100000100110011011101111001101100101001010010110|1100000000100010001111010000100000000000111011010000010010010001|1111011011011011011011011101101111010110001101010101010110000000
1011010010011110011010011110000001101000101101111000110000111100|0000000001001100110000100001000000000001100100101000101000000011|1101110101110100000100010010110001010101101001011001001100100000
0010011010010101011001010011110110111100110110110000101111011011|1010000010011000111100000010000000000001111111001001001000000001|1011001011001011110011011011101111111011101011010011101010110000
0110111010110101011111001000111100110000100100100110010001000111|1000000100110000000110000100000000000011000001001110001100000000|1100101100101100010101011001101111111001011010111011001011110000
0000000100001010101100000001010111010111111111110100010010000000|1100001001100001110010001000000000000110111101000000000100000010|0011100011100011011001011101101111111100110001101010001001110000
0000011000000111001010000100011010001011011111001000100100001000|1000010011000101110000010000000000011101111010000000001000100001|0111010111000111110011111110000010101000111001110100011011100000
0110011010110101011101000001000011101001000001100000110001010111|1100100110001010011110100000000000111011001011011110011111000011|1100011100111100011100000010011101010111110111100100111101110000
0010011111010100111011011010001101000000000001001011100110010001|1101001100001100110111000000000000110110111011101100001100010000|0001000001000101111101000100000010011101011010100110100101010000
0110110000110110011011011011001011001001001011010000000011010011|0110011000011000010010000000000001101101001000000100000100100011|1000111000110000001001100110110100110100110001010001010100100000
0010011010010001101101101100011110010010010110000110100011010001|1000110000110000110110000000000001001000011001001100001101000010|0100100100110111011100010001000111010101010011001011000011110000
1100100100101001001001001100100000000000001001101000101110000010|0001100001100000100000000000000110110100010110001000001010000001|0000010000110010000100000000110101101001101000110000101001010000
1100111000110010000000001001101110110110100101101001101100001010|1111000011000000111110000000001101101000010011001100001000000101|1010011011011111111011111111011011011101011101111101001100110000
0110111010110101100100010000010110111110010001001001011111001001|1110001010101000110100000000011011010000000010001001001000001010|1001101001100001001001100111101111001011001101000100100101100000
0111110111110010010010110010110111111110110010011010011011011011|1100001100000000100000000000010110100000100000000000010000010011|0010110110100110010110011001010000000000001100011111011001010000
1000011000011110010011010000111110110100101101111001111101011001|0000011000000001100100000000111101000001010010001000101000100100|1011000011100010110010111011111101101001110011101101100100110000
0000110110000001100110101110111011011111101100000100010010010001|0000110100100110001100000001101110000111000001000001001101001111|1000101010101101101100110011100100100100011000001000011100000000
1111110011011001111011110010001000001001101100101110100101110111|0101100000000100010010000011010100000100001001000110000110011010|0011000001000111011111011100100110110101000010010010110001010000
1000010001001001000001010001000001011010010000010000000000000001|0011000000001000000000000110111000001000000000000100000100110010|1000101100100000100000100000010000000011100111110110110100110000
1110110000001100110101110111011011111101100000100010010010001000|0110100100110001100000001101110000111000001000001001101001100000|0101010101101101100110101100100100100011100001000011100011100000
0101101100000111001100001001111110110010011010011101011000101110|0000000000100000110110011011010000100000011011001100001111000000|0001110001100001001001001100011010010010010111100011100001000000
1111101000010000011110010100010000001001111101110000110100101011|0110010011000110110110110111100011100000111011101010101010000110|0110100101000101000011001111001001010011011110110100110110000000
1110000001100110101110111010011110110101011111001001001011001011|0100100110001100000001101111001111000001000000001000101100001110|1101101000101001110001110100100100001100011000110100110110110000
1011111000110000000110101101111110110000100100000010000111110011|1101001100011000010011011111001010000010001011011110011100011000|0110001100001110101110110101100110010100101001010001010000100000
0111111111110111100110110110100101101111101111111111111010111010|0000001000000000000010110100001000000000000100010110110000110010|1000100100100100100100010001000010100010111100110100110100000000
1110110010100100100000000001110101101001101001001011001010011000|0100010000000000010101101000000000000000000001001101100101100000|0100011100011100000101000100100001110011000100000100000110110000
1010000111111110010001001001110011000001000100100010010111100111|0101100011000000111011111000110000010000011000001111001111010011|1100101100111010010001010101001101011101011111111111111111010000
0100011011110100010100100110001001111101110110110001011101000110|1111000110000000101101100001110000100000111101101010001010100110|0101000101101011000111111111010101011111011100110100110010100000
1101001110001101110010010111010010110010100100100000110111010010|1010001100000000000001000011100001000001010010100000000001001001|1010011011000011100010011001000111000001000110000110001111010000
1001010011001000001001000001010000001000100100100000000001100001|0000011000000001011000000111000010000010010001010100010110010010|1100101110011110111101010100110010010100000000000000010000110000
0010010110001100110110100101011001011001001001001111000010110001|0100000000000011101100000100000000000000011011111100111100000001|0111010111010111011111011110101000110110010100101100101000000000
1010001010100101001001101110011110010110110110110000110110011001|1000000000000110010000001000000000001000011011101001101000000110|1111101111101110010110011110111010011111011110111111111010110000
0000101110100000010011011110010010011111111111011101111100111101|1111000000001101001110111000000000010010000000001111011110011010|1100111010111000001100001110001100011010111101110111101111110000
1001000111001011101111110111110101111111111111110101110110001000|0100000000011011000010100000000000100000101111000010000100010011|0001110001110101001101001000111001101111101111011011001000010000
0010000110010010010110100101000101001001001001011001011000000000|0000000000110110100001000000000001000001001100001100000000100000|1101001101000100000100001000101110110110110101100101000110110000
1100010100111111110110010000000000100100100110000010010100101000|1000000001101111000011000001000010001010011000011010010011000101|1101101101100110000110011001011001011101011010101010101111110000
1101111000100011011010010001100111111111111110111000111000101110|1100000011011010110100000000000100000100101011111100001110000001|0011010011110111011111101110110000000110000100101110101000010000
1110000000100110100110110011100001001001001011001001000001010010|0100000110110100010110000000001000001001101000100100000000000001|1100011101010101001100110011010000000010000101000001001110110000
1011110110110111111011010010010011011011011111011111001001001011|0000001101101000001000000000000000010011000011000000001000000001|0110010100000100000111101111111101101101101001010001001011010000
1111100101101010111111101110001000000000001000001100100110000110|1000011011010000110100000000010000100110010100001000011000000000|0010000110100110010001010110100110110010110001110001000000010000
0001000100100000010011111011101101101110111100100111111001100101|0000110111100001110000100000101101001100001101001001100011000011|0100111001001001000111000100001110001110001101010110110110000000
1000011111010000010011010011101101101011001111111111100000001011|0101101101000001110011000001001010001000000011010111000010000011|0000101011001011011111011001101011101001100001000000000000100000
0000111010100010000110100110001000001100001101100110011010011110|1111011111000111110110000000010000110000101111101010000000000010|0100010111010111000111011101100011110101110011100001100011110000
0101000001101010111011111001101101110101111110111011001110001110|1110111110001110100110000000110000100000111011000100010000000010|0101100011100011100011011100111000111100111001100101100011000000
1111110010110101100101100001110111011011111111001110101100010010|0001111000011100110010001001001011000011001001010100111100000011|1000100100100111101110101010101100111011110111010111011100110000
0110110100101101111101111111111111010111010011111111111011110011|1011010000010000000000010001010110000110000000010000000000000110|0010000010000101000101110011010011010001010010010010010010000000
1010010110100100000100000001000001011001011000000000001000011001|0110100000100000000000100000101100001100000000100000000000001100|0100000100001010001011100110100110110010100100100100100110110000
1000001001101110111110010011010101111001001011010111101110101100|1111000011100000100001001101001000001010010011000110000000011011|0110010110011010010110011101001101010100010101101100110110110000
0100100000010010000010010011000001001011001001001011001000011010|0000110010000000010010000000000000000000001000100100000100000000|0110000110000110000111000100100110110100000000000000000111110000
1110110111011110110010010011010011011111011011011011011011011011|1001100100000000000000000000000000000000000011000000000000000010|0010100010100010010000000000010000000001101011010011011001010000
0010011001000111010010010011110111110111111111111011111101011001|1011001000000000100100000000000000000000010100001000001000000110|1011101011101010111110011001111101101010111101110101100100110000
0110010100110011000000001000001001011001000010011011011011011001|0110010000000001001000000000001100101000001100000000001000001011|1000111010010101011100000000010010010100110000110000111100000000
0010010011010101011011011011101101001101101101100010100111010001|0000100000000000110110000000000000100100100011001100001100010000|0111000111000001011011111111011001010010010100100001100010000000
0110100000110000010010010010100101100100100100110000110101000011|0101000000000000110110000000000001001001101011001100001100100101|1010011010010111011010011001011111000011000110001100001100100000
1010100110011000000001000001001011001000010011011011011011001011|0010000000001001000000000000110101000001100000000001000001001100|0111010010101011100001100010010010100110100110000111100011100000
1011110110010001011011011010101000100100100100100010100111010001|1000000000000000110110000000000000000011011011001100001110011001|0001010001100011011111011101001010110100110001100001101001010000
0101101110011000100000100001101101101000000100100000100111000011|0010000010100100100100000011000100000110010010001100001100110011|0011100100000000010000010000110111110011101111001001011000010000
0100110010000000000000000001010001001001001001001001001001001001|0000000000000000000000000000000000001100000000000000001001100101|1110011101010100000100000000010110100110100101101101001111010000
0110010011111010110110110111110011011011011011011111011001111101|1000000000000000100100000000000000011000010010001000011011001001|0010010100000110010110011001110000100100100000001001001000010000
1001010110010101111111111111001000000000000000000110000011110100|1100000000000000110110000000000000110000011011001100101010010001|1110010010110111011111011101010001000111000100001110001110110000
0000100010110100010010010001000001001001001001001011001000011001|0100000000000000010010000000000001100000001001000101001000100000|0110011111010101001101000100010010000000000100000000000011110000
1001001101101101101101101000101100100100100100100100100100100010|0000000000000000000000000000000011000000000000000010011001000010|0010010000000100000100000001111001101001101011010011010001010000
1010010011011110010010011011110111111111111111111011111101010100|1000000000000000100100000000000110000000010010001100111010000010|1010001110100110010110011010101110111010110101110101110100110000
0110101000100011001001011000111110110110110110110000110101011001|1100000000000000110110000000001100000000011011000101101000000010|1110100111110111011111011011101101111011101111110111110111010000
1000100000100110000000100001010011011011011011011001011010111100|0100000000000000010010000000001000000000001001010111001100000010|0111110101010101001101001001101011111001011011110011110000010000
1001001001001001001000001001001001001001001001001001001001100000|0000000000000000000000000000010000000000000000100010110000000010|0101000000000000000000001010001010001011001100010100010100000000
1010011010010111011001011010111110110110110110110010110111000001|1000000000000000100100000000010000000000010011000100101000000010|1100100110100110010110011101001001011111011010111010111011110000
0110010100010010100000100110000010010010010010110000110101000000|0110000000000000100001000001100000000010001011001111001101001100|0100010010010000000000001000110001010010110101101101111001100000
1000000100000100101100100001001101101101101100101100101001100010|0100000000000001100100000011000000000100000100110010000000001010|1110000110000010010010101010001100001111000110001110100101000000
0000000000000000010000000001000001001001001001001001010011001000|0000000000000000000000000110000000000000001001100100000000000001|0100000100000100000101100110110110110110100101001101001110110000
0000001000000101101001001000101100100100100100100000010010000000|1000000000000000100100000100000000000000000001000000001000000000|0110100110100110010101000100110000000100100001001001001011010000
1110110110110111110110110110110110110110110110110110011111111011|0000000000000000000000011000000000000000100010110000000000000000|0000000000000000000010101010001011001010001100010100010010100000
0110110010110110010010010011000001001001001001001000011001010011|0100000000000000010010110000000000000001000101100100000100000001|0101010101010101000000000000010000000000000000000000001111010000
1010010010010110010010010011010011011011011011011101111011001001|0000000000000000000001100000000000000010011001000000000000000000|0100000100000100011110011001111101101001101011010011001000010000
0100000100101100100001001101101101101100101100101001100110000000|0000000001100101000001000000000100000100110010000000001001000000|0110000010010010100110101100001111000111000110100101010111000000
1010010010000010010010010010010010010010010010011000000001001001|0000000000000000000010000000000000001000101100000000000000000000|0000000000000000101000100010110010100010100101000100101000000000
1100100000000110000000000001010011011011011011101101001000011010|0100000000000000010100000000000000010011000001000100000100000001|0101010101010110011110011001001011111001111011110000111010010000
0100001101000111000000100100010010011010010010110101001100001000|1100001100101000111010000000010000100110001011001101000100000010|0011100001100111101111001100100011100101100110010000000000000000
1010011000010111011011011010111110110110110101100010111101011001|1000000000000000111100000000000001001100110010001000001000000010|0110100110101011011011011111001001011101011010110110010010010000
0110111110110001011011011010101100100100100010000010110101000011|1100000000000000000110000000000010011001011011001100001100000011|0111110111101101000101000000100010110100110001110000111010010000
1010010110010101111011111100101110110110011011100100110101000001|1100000000000101110100000100000110110010011011000101001100000010|1100101101011001110001111110010000100110100101100111110011010000
1000010000000000000000000001000001001001010011001000000000000000|0000000000000011000000000000001001100100000000000000000000000000|0100000101101101101101100110110110100110100100101000000010010000
1010110010010010000010011001001000000010110101010000000000001001|0000000000010100001000010000001011001000000000100100000000000010|1001101110111110111110111101111111101111101101110100100110110000
0101101100100001001101111000111110110011011100010010110100000010|1000000000101000110100100000010110010000010011000000001000000011|1101110011010011100011110010100010110110110000111010011011110000
1110101000100010001001100001010011010000001110011101011000001010|1100000001010000010111000000111100100000011001011100001100000000|0001011100011100110100011011110101100011100101101000101001010000
1110010010010010010010010011010011011101111011001001001001001001|0000000000110000000000000001001001000000000000000000000000000000|0100011110011110011111011001111001101001100010000000000010010000
1011010011011010010000110100000000101101010100000101000000111100|1000000100000010100110000011010010000000011011001000101000000011|0000001100001100111110100000010100010000000010011110011001100000
1000001100100111101001101000111110111100100101101011101110011001|1100000001000100110110000100011100000000011011001100001100000010|0111001111001111100011101111101001111111001010110010110010010000
0110111110100011110101100100000010010101100100100000101111001001|1000010100001000101100001100101000000000110110001000001000000000|1010011010011010100011001110001010001111010111110111100110100000
0010010100110000110010010010000101101010000000000010010011000101|0100101000000000000010011011000000000001000001000100000100000000|0101100101100101101110111011101001101001000000000000100101000000
1010011010010111011011011010111101100110111111111011111101010001|1000011000000000100100100110010000000000010010001000001000000010|1011101011101011111011011101001001011011001011010011010010010000
0110111010110001011011011010101010000100110110110000110101010011|1100110000000000110111001100100000000000011011001100001100000010|1101101101101100000101000100100010111000011010111010111010010000
0010011010010111011001001000010011100010110110110010100111110001|1001000010000010110111011001000000001001011011001100001100000001|1001011001011011101001100110110000110011111011110111010111010000
1000101100000011101101101100100101010111111111111001011011001000|1110000000000100010000110010000000010010001001000100000100000001|1100011100011000110100110011000001101001111011111010111010100000
0110110011111000010010010010010000100110110110110000110111000011|0010000000000000110011100100000000000000011011001100001110010000|0000000000101000001000000000010111111101010010101010101001100000
1100001100110101011011011111010100010110110110100000100010000010|0000010000010000101001001000000001001000010010001000001000001001|0011010011000000100001100110100000011101001010111110111000110000
0001100100001101001001000011011101000000000000000000001000000000|0000100000100000011010010000000000000010000000000000001001011110|1101101111001011101001100110100011000001100010011010010110110000
0101101100101100100100100010000100110110110110110110100110110110|0001000000000000100110100000000000000000000000000000000000001101|1110011111011110011010011001100101000001000010000010001111000000
1100101100100001101101100001001000100100100100100000000110000010|1000000000000001101001000000000000000000010010001000001000011001|0010010000010010100010101010110111101001101011010011001000010000
0101100000100101001000010010000100100100100000000101000010100110|1100000100000011111100000000000010000000010010001000001010100011|1011111111001011101011101110100000100000100000001001111100110000
1100100100100100100100010000100110110110110110110110110110110110|0000000000000100110010000000000000000000000000000010010011100011|0011010011010011010011011100100000001000001000010001111001100000
0000010000110100010111111001100001001001011011011101011010001010|0100010000001101110110000000101000000000001001000100001110000110|0000110011100010111010111001010010010000000100000011010000110000
1010011010010111011000001010110111111111111111110011111101011001|1000000000010011101100000000000000000000010010001000001110000010|1011001011101011011011011011011101101001101011010101110100110000
0001011011011110000100111001110111111110110110100010110100011000|1001000000110110110100000010010000000000010010001000100000010011|0000111101111001001001001110101111111010110101111000111001110000
0010100010110100111111000110000000000010010010110000010011011000|0110000001101100110010000100100000000000001001100001110100100011|1101100111101111110111111000010000010000000000111010111011000000
1000000000000000011010000000001000000000000001000000000000000000|0000000010011001000000000000000000000000000000000000110000000010|1001101101101101101101100100010000000000000000110100110110110000
1001000000000010110101010000000000001001001011001001001000001100|1000000110110010000000010010000000000000000000010101010010000011|0011111011111011111011101011010011011010011111011111011111000000
0000011010010010110001111010111110100100100000100000100100000011|1000001101100100100100100100000000000000010010000010001100000100|0000010001010001100001001101011001011111011001101001101000110000
0100000000001011010101000000000000100100101100100100100000110000|0000011011001000000001001000000000000000000001010101001000001000|1111101111101111101110111101001101101001101101111101111101100000
1011011011011101111011001001001001001001011001001001101001001101|0000100110010000000000000000000000000000000000001100010000000001|1110011010011010011001010001000001000001000111001111001111100000
1100101000001110011101000001110101101101001101101010111110011010|1101101100101000111100100000000000000000011010011100001100100010|1001101001101001000100011011101111101001110001101001111000010000
1010010010011000000001001001001001001000001001001001001001001001|0010001011000000000000000000000000000000000000110000000000000010|1000101000101000100101000000000000000000001100010100010110000000
0110111010110101111110110111001101001100100100111011101101011011|1000000101000001110110011000000000000100111111000000001100000001|0011010011010011100101101110101000111101111011110001000001110000
0011010110011001101101101111100101100110110100110010000111010101|1100001010000010000000110000000011000011000001011100000110000011|0000110000011011111111111111110101010001011010100001001011100000
0000000000010010010110110111000111101001001000101101100001100000|0000010100000100000001100000000000010010010000110000000000000101|0110010110010111101111101110011110000010010100101111101101010000
0000100000000111101101100100010110011011010011000010011001001010|0100101000001001011011000000001100001100101000100100001100001001|0111010101111010010010001000111000100010000101001011100111010000
0001001000000010010010000010000010000000010000110110000110000100|0001010000010010010000000000001000011001000011000000010000010000|0000000101011010111010011000101100101101101001000100011000010000
0000000110010100010010110100100110010010110011111100011111001001|0110100000100100110100000000010000110010001111000100100100100000|1001000011111100100101100100001111101111101011100001010100000000
1000001100101000100101101001001100100101100111111000111110010010|1101000001001001101000000000110001100100011110001001001001000001|0010000111111001001011001000011111011111011111000010101000000000
1100100101101010110110101111011000000000110010010000010110000010|0010000010000000111100000000001001001000001010001000001010000010|1111101111010011100111101110111100100000100100100100110110110000
0100111010110101111111001110011110110111010010011000011100001010|1000000100000000000110000000000010010000101011001100001000000110|0101100100011100111100110011001001001111001101010101110011010000
1100000100001011101100001100010011011000010010001000001000011010|1100001000000001110010000000010100100001101001000100001100001011|0001110010000010001010001000100010010000011110110111111000010000
0111110101101000110111110111001001011001111111001011001111101011|1000010000010011100100001100001001000011010010011000011000010110|1011110100010100000100010101000000000101101111001101010110000000
1000001000100001101011101110111110111010010011110111111101011001|1000100000000110100100000001000010000110010010001000101000101011|0100111011111010001010001001101111111011010110101010011011010000
0010011111011100111010110010101100111101101110101000110101000011|1101000000001100110110000010010100001100011011001101001101010001|0011001101001111100111101101101111111000100001001000101000010000
0000011010010101000001000010110100110000000110000010010100010100|1010010010011000100101100001101000011000010000001010001010100010|1000010100010010100010101100000000001101111000100011100000100000
1010010110110110000110100001000000101101100001100000000000000001|0100000000110000000000001001000000110000000000000100000101000001|0111101111100111100111100010000010010111110111001001001011010000
1100100101101001000100001000101111101101110101110010110100010010|0000000001100000100100010010010001100000010010000000000010000000|0001110001100001010001011101011001000110000101000001000000010000
0010011010000100001000010011100111001001111001111111111000111000|1010010011000000100010001100100011000000000010011100111100000111|0000010000110000010001010100000001011011110101110101110110010000
0000001001101111101111011011110010110110010110011010010011010010|1100100110000000001100011001000010000000100000100000101010011000|1101001000001000001010011011001001011100000100011100011001000000
1000000101001111101000000000010000000011000011001001001100001100|1101001100000000001010110010001100000001001000010111010100010000|1110001100001101010001110011010111111101001011110011111010110000
1010111000101011000010010001100011011101011101001011001010011001|1110011000000000000111100100001000000010011001001110100101101100|0011000101000111100110000000101111101100000011001011011110010000
1010011110100101101001001001011010011110011111111001111101000011|1100110000000000110011001000010000000000011111001001001101000001|1100010100010100111111111111011100101010111011110011110011110000
1110110011010100111111111101100101110101110110110100110101110111|0101100000000000011010010000110000000000000001001110000110000000|0010010010010010001100000000001001011011111011111011111001110000
0110100001100111011011001010111110000110000100000111100000010011|0111000000000110010100100001100000010000011101110000000000100110|0011000011010010000010011000010100101011100111001101100001010000
0010111000110011101101001101110110011110011010011101010000110101|1010000000001100111011000011000000100000111011100110010111001011|1011011011111001001001100100000111001011010110100011111100110000
1011010111011011111110111100000011000011001011001101011011011001|0100000000011000111100000110000001000001010011011000011010010011|1011111010111110111111111011100101010101100011000001111101100000
1100111000101101011011101000011100010100100100100110000001011010|1100000000000010000000001100000000000010001011100100100100000110|0100100100100101011111011111011101000110100101001101010000110000
0000010100010100010110011110100000101000001000010011011000011010|0100000001100001110110011000000100000101000100000101001101001111|0000110100100110111010111000000001000000000000101011011100110000
0011111010111010110101111110000010001001001001001111011001011001|1000000000001001101100110000000000001000011000001010001000011010|0001100001100111011111010110010010100000100001000000111001110000
1001001001011110000010100100110000110010110010010010111101011000|1000000110000110110101100000000000010000000110001100101100110011|0100100101101001001001011011100010101010101111111000001011000000
0100111100000101101000100101100001100101101100101001111101011011|1000001100001100000101000000010000100000111010000001000001100010|1110101100110100100100001101110011101111101010000101100110000000
0011111010010010001011011001011001001001001001011011011111111111|0000000001001001000010000000000001000001010000010000000011000011|1100111100001101001101011101101001001001001010011101011110010000
1111111100100001011111111000011100100100100100000100001011101110|1000000010010010100010000000000010000010110010101000001110000001|0111010110110100000100100010001111111011111111101001101010110000
1010110000010011001000000001001000000000000001011011010111011111|0010000000000000000000000000000001100101010100110010000011000011|1100111100101001000101010101011000001001001010011001011110000000
0010101110111000101101100101001000000000001011011110010101111011|1000000000000000100100000000001100101000110110011000010000000100|0001000011101110111110111010110100101000101000001000100011110000
1011111011001101111111101101111111111111101001001010001000001101|0000000000000000000000000000001001010101001100100000110000001000|1111001010010001010101010110000010010010010110010111100111100000
1101100000001111001001001101111111111111111111011101101010011010|0100000000000100110010000000000000000010011000000101000100010000|0101000101000011011011011001011011111001111011110011101010000000
0110100101111110110111111111110111111110100100101101000100010000|0000000000000000000000000000110101000100100010000011000000100011|1000101101000001000001001001011000001000001011011110001100010000
1001101011011011101111111100111110110100000000010001000000111010|0100000000000000010010000001101010001001001101000010000101000010|1100000111011111000101000110110110100100101111010101110110110000
0111110110010001011111111010101100100001001001101001001001101111|1100000000000000110110000011000100010010010011000000001110000000|0101010011100011001011001001101011111101100111000010000011110000
0010011100000010100101101101111111111111110111111000110011000000|0100000001001000010010000000000000100100011001010100000000000001|0100010101110101101101111111100101100111100111001001001010100000
1100111000000101001011011011111111111111101111110001100110000000|1000000010010000100100000000000001001000110010101000000000000010|1000101011101011011011111111001011001111001110010010010101000000
1110010011111010010010110111010011110110110010000010101110001111|1000000000000000100100011001010010010001010011101000011000000011|0010000100000100110101011101111001101111011100010100011101010000
0111101100100001100100100100000000000001000000101101101111000011|1000001001000000100100000000000100100010010000001000101000000000|1010000110000110110100100011110111110011110111010111000100000000
1010100000100110010010010010000000000010000001010001011010011000|0100010010000000010010000000001001000100001101000101000100000000|0000011000011000000100100000000010000000000001100001000000100000
1001001101101001001101101100101001001001101111001010011010110010|0000000000000000000001001010000010001000001100000010000000000010|0000010000010000011101000000110000111110111000111001111011010000
0111111011011100010110010110100100101100100001101111101101111110|0101001000000100010010000000010100000000001001000000000100000000|0101100101100101111111110110100100100110100011000011000010100000
0100100000100100010010010011000001011000011010011001011000001001|0110010000000000010010000010101100100000101001001100000100000001|1100011000011000100100100010010000000010010100101100101111010000
0110110100110010000010000001000001101011101111111111111011111101|0100100000010000000000000101001000000000000000010000000000000001|0111011111011111010111011001111001101001000010101010101000110000
1001001000000001001001001001010011010010111011101111100101101000|0000000000000000011000100010010010000011000000100000000000000000|0001000001000010010110001000011111101111000110011110010110110000
1110010000000010010010010000100100110111100101001101011001000010|0000000000000000110011000100100100000110000001000000001001001000|1000001010001100100100000000011011111110101101111101101000000000
1110111110010001011011011111000001101111001010011100110001110001|1100000000000001010010001001001000001100011001001100001100000010|0011100011101110010111011101111101100001000011000011101000010000
0000100101001111101001001001010011011110010010010001010011101000|1100000100000000010010010010000000000000001101000100000100010010|0101100101100111111101100110100100100101100011000011000010000000
0000001010010111011011011011101111110101100100100010100111010000|1000000000000000100100100100010000100000011010001000001000100110|1011101011001111111011111111001011001001001110010110010100100000
1010010010110100010010010010100000010100110110110000110101000001|0100000000000000010011001000100001000000011001000100000101001000|0011000010001010011010011001111011110101110011100011100001000000
0011010110010101111110100101011010111011101111100011101011110001|1100000000011001100110010001000011000000111011001100001100000011|0010110001100101011101010000100100011010010100101110011000110000
0011001100001010100100100110110111100100100100110110101111100101|0101000000000000010000100000000000000001001001000100000000100001|1100011100111100000000000000010010100001100011000011001110100000
1110110010010010010111111110011000110101100101001101111011001001|0000000001100101000101000100001100000010000000000000000000000001|0000011101001100001100000110101100011100111001010010001000010000
1000000001001100001001001001100000100010000011010110111101110100|1000000001001000101100001000001000000100010010101100101000000000|0110011100111110001110000010000111010010010101110111000110010000
0110110010110100010010000010001010011011011001011010001000011010|0100000000000000000000010000010000001000001001000100100000000001|1000110100111000100000100010010110010110010100101101001100100000
1100001000000101100100100001110001010011011110010100100100010010|1000001100101000000000100000110000010000010010001000001000000010|0101101111100111010111111110011110001110001001000010000011010000
1010011010010111011010011011010110010010011010010011011001111101|1000000000000001101101000001000000100000010010001010011000000000|0100010100000100110100110011101111100011100111000001000010000000
1110110010110100010000010011010011011011001011010011001000011011|0100000000000010000010000010000001000000001001000000100100000001|1100111100011100000100000000110010100000100001001101001100100000
